-12.0 0.134019817654
-11.88 0.135681050091
-11.76 0.137112574802
-11.64 0.138344994222
-11.52 0.139435556945
-11.4 0.14044867148
-11.28 0.141438138352
-11.16 0.142437280844
-11.04 0.143459270985
-10.92 0.14450564885
-10.8 0.145578273695
-10.68 0.1466897103
-10.56 0.14786897009
-10.44 0.149162202742
-10.32 0.150629803307
-10.2 0.152341597739
-10.08 0.154370575058
-9.96 0.156784247582
-9.84 0.159632494886
-9.72 0.162932295852
-9.6 0.166652455621
-9.48 0.170703677355
-9.36 0.174939420012
-9.24 0.179170239052
-9.12 0.183189643542
-9.0 0.186805087254
-8.88 0.189865785866
-8.76 0.192280612971
-8.64 0.194023491315
-8.52 0.195128207028
-8.4 0.1956771571
-8.28 0.195788234313
-8.16 0.1956016903
-8.04 0.195266366714
-7.92 0.194923952348
-7.8 0.194691438429
-7.68 0.194644687241
-7.56 0.194808100089
-7.44 0.195155134518
-7.32 0.195621473382
-7.2 0.196128088345
-7.08 0.196607338249
-6.96 0.197023605032
-6.84 0.197381732845
-6.72 0.197721085473
-6.6 0.198098474231
-6.48 0.198567220056
-6.36 0.199160525073
-6.24 0.199884854672
-6.12 0.200724387077
-6.0 0.201652923411
-5.88 0.202647053886
-5.76 0.20369488824
-5.64 0.204797784048
-5.52 0.205966462303
-5.4 0.207215538415
-5.28 0.20856044849
-5.16 0.210018179936
-5.04 0.211609755791
-4.92 0.213360281648
-4.8 0.215293063092
-4.68 0.217417735524
-4.56 0.2197167266
-4.44 0.222137120355
-4.32 0.224594176352
-4.2 0.226988255883
-4.08 0.229230660773
-3.96 0.231269009141
-3.84 0.233101918577
-3.72 0.234776668811
-3.6 0.236370463146
-3.48 0.237962576376
-3.36 0.239607870294
-3.24 0.241320504516
-3.12 0.243071310005
-3.0 0.244796174186
-2.88 0.246409009626
-2.76 0.247813043767
-2.64 0.248907641051
-2.52 0.249592296488
-2.4 0.249772140088
-2.28 0.249368724538
-2.16 0.248336407081
-2.04 0.246680288373
-1.92 0.244468949196
-1.8 0.24183577971
-1.68 0.238966417222
-1.56 0.236074882313
-1.44 0.23337488405
-1.32 0.231053561139
-1.2 0.229252436846
-1.08 0.228056188609
-0.96 0.227486464188
-0.84 0.227497388292
-0.72 0.227971892161
-0.6 0.228721944373
-0.48 0.229498475933
-0.36 0.230016021937
-0.24 0.22999238588
-0.12 0.229196771137
0.0 0.227494132894
0.12 0.224872170455
0.24 0.221441735383
0.36 0.217410065659
0.48 0.213035531888
0.6 0.208578368819
0.72 0.204261625904
0.84 0.20025066118
0.96 0.19665096854
1.08 0.19351709831
1.2 0.190863008165
1.32 0.18866696387
1.44 0.186870074184
1.56 0.185373251499
1.68 0.184039793797
1.8 0.182708710105
1.92 0.181218525225
2.04 0.179435424359
2.16 0.177276284931
2.28 0.174718175538
2.4 0.171790933838
2.52 0.16855615538
2.64 0.165081184701
2.76 0.161418061916
2.88 0.157594325152
3.0 0.153616740517
3.12 0.149483353826
3.24 0.145196421751
3.36 0.140769870588
3.48 0.136228956091
3.6 0.131604342012
3.72 0.126925425394
3.84 0.122217245618
3.96 0.117502369075
4.08 0.112805697826
4.2 0.108158277665
4.32 0.103596886333
4.44 0.0991589123162
4.56 0.0948750825457
4.68 0.0907641417207
4.8 0.0868327352168
4.92 0.0830810036058
5.04 0.0795113104742
5.16 0.0761357836454
5.28 0.0729788465354
5.4 0.0700733202539
5.52 0.0674516961872
5.64 0.0651363070419
5.76 0.0631324213666
5.88 0.0614267810488
6.0 0.0599916649217
6.12 0.0587923938216
6.24 0.0577952210296
6.36 0.0569730407568
6.48 0.0563078579201
6.6 0.055790640197
6.72 0.0554201902718
6.84 0.0552026175631
6.96 0.0551520139902
7.08 0.0552916593284
7.2 0.0556542303678
7.32 0.0562795388142
7.44 0.057209254169
7.56 0.0584793842436
7.68 0.060112294373
7.8 0.0621102440728
7.92 0.0644517773572
8.04 0.0670912685256
8.16 0.0699611357488
8.28 0.0729761021631
8.4 0.0760393206868
8.52 0.079050649174
8.64 0.0819172466117
8.76 0.0845657048853
8.88 0.0869534945213
9.0 0.0890764283218
9.12 0.0909689928593
9.24 0.0926961027051
9.36 0.0943376195372
9.48 0.0959697015422
9.6 0.0976484298658
9.72 0.0994004486757
9.84 0.101222760037
9.96 0.103090448429
10.08 0.104968472491
10.2 0.106822898061
10.32 0.108628264981
10.44 0.110370344644
10.56 0.112045916382
10.68 0.1136620986
10.8 0.115236810953
10.92 0.116799814169
11.04 0.11839189643
11.16 0.120059494591
11.28 0.121843826843
11.4 0.123766725393
11.52 0.125818155432
11.64 0.127951205146
11.76 0.130088330666
11.88 0.132138440983
12.0 0.134019817654
12.12 0.135681050091
12.24 0.137112574802
12.36 0.138344994222
12.48 0.139435556945
12.6 0.14044867148
12.72 0.141438138352
12.84 0.142437280844
12.96 0.143459270985
13.08 0.14450564885
13.2 0.145578273695
13.32 0.1466897103
13.44 0.14786897009
13.56 0.149162202742
13.68 0.150629803307
13.8 0.152341597739
13.92 0.154370575058
14.04 0.156784247582
14.16 0.159632494886
14.28 0.162932295852
14.4 0.166652455621
14.52 0.170703677355
14.64 0.174939420012
14.76 0.179170239052
14.88 0.183189643542
15.0 0.186805087254
15.12 0.189865785866
15.24 0.192280612971
15.36 0.194023491315
15.48 0.195128207028
15.6 0.1956771571
15.72 0.195788234313
15.84 0.1956016903
15.96 0.195266366714
16.08 0.194923952348
16.2 0.194691438429
16.32 0.194644687241
16.44 0.194808100089
16.56 0.195155134518
16.68 0.195621473382
16.8 0.196128088345
16.92 0.196607338249
17.04 0.197023605032
17.16 0.197381732845
17.28 0.197721085473
17.4 0.198098474231
17.52 0.198567220056
17.64 0.199160525073
17.76 0.199884854672
17.88 0.200724387077
18.0 0.201652923411
18.12 0.202647053886
18.24 0.20369488824
18.36 0.204797784048
18.48 0.205966462303
18.6 0.207215538415
18.72 0.20856044849
18.84 0.210018179936
18.96 0.211609755791
19.08 0.213360281648
19.2 0.215293063092
19.32 0.217417735524
19.44 0.2197167266
19.56 0.222137120355
19.68 0.224594176352
19.8 0.226988255883
19.92 0.229230660773
20.04 0.231269009141
20.16 0.233101918577
20.28 0.234776668811
20.4 0.236370463146
20.52 0.237962576376
20.64 0.239607870294
20.76 0.241320504516
20.88 0.243071310005
21.0 0.244796174186
21.12 0.246409009626
21.24 0.247813043767
21.36 0.248907641051
21.48 0.249592296488
21.6 0.249772140088
21.72 0.249368724538
21.84 0.248336407081
21.96 0.246680288373
22.08 0.244468949196
22.2 0.24183577971
22.32 0.238966417222
22.44 0.236074882313
22.56 0.23337488405
22.68 0.231053561139
22.8 0.229252436846
22.92 0.228056188609
23.04 0.227486464188
23.16 0.227497388292
23.28 0.227971892161
23.4 0.228721944373
23.52 0.229498475933
23.64 0.230016021937
23.76 0.22999238588
23.88 0.229196771137
24.0 0.227494132894
24.12 0.224872170455
24.24 0.221441735383
24.36 0.217410065659
24.48 0.213035531888
24.6 0.208578368819
24.72 0.204261625904
24.84 0.20025066118
24.96 0.19665096854
25.08 0.19351709831
25.2 0.190863008165
25.32 0.18866696387
25.44 0.186870074184
25.56 0.185373251499
25.68 0.184039793797
25.8 0.182708710105
25.92 0.181218525225
26.04 0.179435424359
26.16 0.177276284931
26.28 0.174718175538
26.4 0.171790933838
26.52 0.16855615538
26.64 0.165081184701
26.76 0.161418061916
26.88 0.157594325152
27.0 0.153616740517
27.12 0.149483353826
27.24 0.145196421751
27.36 0.140769870588
27.48 0.136228956091
27.6 0.131604342012
27.72 0.126925425394
27.84 0.122217245618
27.96 0.117502369075
28.08 0.112805697826
28.2 0.108158277665
28.32 0.103596886333
28.44 0.0991589123162
28.56 0.0948750825457
28.68 0.0907641417207
28.8 0.0868327352168
28.92 0.0830810036058
29.04 0.0795113104742
29.16 0.0761357836454
29.28 0.0729788465354
29.4 0.0700733202539
29.52 0.0674516961872
29.64 0.0651363070419
29.76 0.0631324213666
29.88 0.0614267810488
30.0 0.0599916649217
30.12 0.0587923938216
30.24 0.0577952210296
30.36 0.0569730407568
30.48 0.0563078579201
30.6 0.055790640197
30.72 0.0554201902718
30.84 0.0552026175631
30.96 0.0551520139902
31.08 0.0552916593284
31.2 0.0556542303678
31.32 0.0562795388142
31.44 0.057209254169
31.56 0.0584793842436
31.68 0.060112294373
31.8 0.0621102440728
31.92 0.0644517773572
32.04 0.0670912685256
32.16 0.0699611357488
32.28 0.0729761021631
32.4 0.0760393206868
32.52 0.079050649174
32.64 0.0819172466117
32.76 0.0845657048853
32.88 0.0869534945213
33.0 0.0890764283218
33.12 0.0909689928593
33.24 0.0926961027051
33.36 0.0943376195372
33.48 0.0959697015422
33.6 0.0976484298658
33.72 0.0994004486757
33.84 0.101222760037
33.96 0.103090448429
34.08 0.104968472491
34.2 0.106822898061
34.32 0.108628264981
34.44 0.110370344644
34.56 0.112045916382
34.68 0.1136620986
34.8 0.115236810953
34.92 0.116799814169
35.04 0.11839189643
35.16 0.120059494591
35.28 0.121843826843
35.4 0.123766725393
35.52 0.125818155432
35.64 0.127951205146
35.76 0.130088330666
35.88 0.132138440983
